0 1 2 3 4 5 6 7
8 9 10 11 12 13 14 15 16
17 18 19 20 21 22 23 24 25
26 27 28 29
30 31 32 33 34 35 36 20 37 38
39 40 41 42 9 43
44 45 46 47 48 49 50 51 52
53 54 55 56 57 58 59
60 61 62 63
64 65 66 65 67 68 69 70 71 72 73
20 74 75 76 77 78 79
80 81 82 83 84 85 86
87 88 89 20 90 91 92 93 74 94 95
20 96 97 98 93 99 100 101
102 103 104 105 106 107 108
109 110 109 110 111 112 113 114 115 116
117 118 20 119 120 121
122 123 124 125 126 127 128 129 95
130 131 132 133 134
135 136 137 138 139 140 141
142 12 143 144 145 20 146 147 148
149 150 151 20 152 153 154 155
20 156 157 158 159 160 161 162
163 164 165 166 167 20 168 169 170 171
172 173 174 175 176
177 178 179 180 181 29 169 182 183
184 185 117 186 187 188 121
135 189 190 191 20 192 165 166 193 37
20 194 195 196 197 198 199 200 201
202 203 204 205 206 207 208
209 74 210 211 212 213 214 215
50 216 136 217 218 219
220 221 222 223 224 225 226 227
20 228 229 230 231 232 233 234 235 236 237
137 95 238 239 240 241 242 243
244 245 246 247 248 249 250 245 251 252 253
254 255 256 203 184 257 258 259 245 260 261 262 74
245 263 258 259 264 102 265 266 155
19 20 21 22 23 24 267 18
268 212 94 97 98
269 270 271 272 273 12 274 275
20 276 277 278 76
20 279 101 280 281 95
95 282 283 241 284 285 286
287 288 289 290 2
97 291 20 292 293 294 295 86
212 296 297 298 299 300 301 302 303
67 304 305 306 307 308 309 310 311 56 312
313 314 315 316 317 318 319 320
321 322 323 324 325 272 326 327 328 329
330 331 222 332 333 334 335
336 337 338 339 340 341 272
97 342 20 292 293 294 295 86
313 314 315 316 317 318 343 319 344
303 345 346 347 348 349 350 351
87 88 89 20 90 91 92 93 74 94 95
303 352 353 354 355 356 357 358 82
215 76 79 359 360 120 188 121
97 361 20 362 363
364 365 366 367 20 368 369
65 370 267 371 372 373 374 375 376 312
377 378 379 380 89 381 382 222
321 324 322 327 328 383 384 385 329
20 386 387 165 166 167
388 324 389 390 307 391 12 392 393 394
31 395 396 397 398 399 400
31 395 396 397 398 401 400 402
135 20 279 101 99 92 93
403 404 405 406 372 407 408 340 409
410 194 411 412 413 414 121
415 416 417 20 418 101 419
327 328 420 421 422 423 424
28 425 426 427 212 428 429 430
20 431 285 432 433
434 435 436 437 438 181 320 439
440 287 441 442 443 444 445 446
109 110 109 110 109 447 193 448 165 81
449 450 451 452 2 453 454 455 86
403 404 405 406 407 73 408 340 409
97 456 259 457 95 214 458 459
460 461 232 16 462
407 73 312 408 340 409
463 464 465 466 385 467
32 468 245
10 20 469 425 38 470
471 472 473 351 474 277 475 476 477
32 468 245 478
471 472 479 480 351 474 277 475 476 477
481 482 483 484 485 486 487
488 489 490 4 491 492 267 493 494
495 496 497 498 499 500 501 502
28 56 503 504 505 506 2
327 328 507 508 385 424 385 329 509 326 510
511 485 512 513 514 515 516 517
518 519 520 521 321 477 522 523 524
32 478 117 76 79 414 188 121
21 525 526 527 105 527 527
97 528 259 457 95 529 530 531
77 532 259 533 534 535 417 536 537
538 539 540 541 542 543 222
544 545 83 546 547 548
28 549 550 551 552 553 25 554
555 556 557 558 559 560 385 20 561
562 563 564 565 566
567 568 212 569 570 155 571 368 572 573 574 312
575 194 385 576 212 92 93
577 578 80 81 579 315 580 581
582 583 584 585 586 552 587 146 588
97 589 590 531 591
538 539 540 542 543 168 61 222
97 457 95 592 259 214 458 459
593 56 594 595 596 550 597 598 599
9 600 601 602 603 604 605 606
607 608 609
610 611 612 558
613 614 615 616 617
618 341 619
620 2 621 622 623 83
429 624 282 385 625
626 627 628 629 630 631
632 633 634 635 636
637 638 639
640 354 641 642
643 644 559 645 646
647 648 649 650 651 652
653 654 655 372 656
657 658 659 660
135 661 659 662 663 20 664 549
613 614 615 616 617
665 666 480 667 668 591 669 670 671
672 121
673 674 675 676 677 678 679 680 417
681 682 683 684 685 1 2 686 687 688
415 689 690 691 85 692 693 80 81 84
694 695 696 697 698 699
31 32 410 194 76 672 121
694 695 696 699 697 483 698 700 12
511 485 512 701 623 702
109 110 109 110 315 703 704 705 3
327 328 706 707 708 13 709 178
710 711 84 712 713 714
715 716 717 2 718 579
95 385 719 720 721 50 722 723
724 29 725 678 726 727 728
694 436 696 699 697 483 698 700 12
20 86 32 729 730 731 676 732 733
95 385 719 720 721 50 722 723
734 9 735 81 736 737 738 739 740
